52
20
0
84
26
3
62
98
1
32
55
98
35
83
86
95
79
1
33
85
57
100
74
26
24
67
24
27
87
52
11
42
36
87
48
36
74
26
78
96
83
99
78
99
45
3
53
99
72
64
60
24
58
55
91
77
7
25
19
42
0
92
74
58
3
35
81
37
12
99
4
85
75
18
34
36
50
32
12
45
29
55
100
90
46
54
85
42
52
97
24
6
62
37
59
90
86
94
29
99
99
23
79
24
48
98
1
36
65
30
47
94
48
81
75
92
99
59
58
40
17
40
71
91
76
35
65
52
55
21
18
49
4
59
70
27
53
57
38
20
6
54
64
15
87
73
95
85
42
85
35
3
42
68
4
32
17
50
98
25
56
17
70
38
2
82
99
70
33
16
80
9
6
14
20
49
51
59
70
16
71
88
61
41
32
80
39
98
30
88
48
26
60
16
49
95
12
5
89
87
74
36
41
50
38
90
82
73
99
35
73
71
46
3
1
8
30
26
94
42
50
78
0
83
47
48
53
56
8
15
99
92
28
62
51
40
77
96
39
80
33
21
27
41
74
27
9
65
29
57
19
38
63
92
78
92
24
21
76
34
88
31
38
78
68
0
38
11
92
63
7
92
83
69
39
75
99
18
33
58
48
81
70
43
31
99
91
47
33
93
30
57
29
71
49
68
1
9
90
55
